3996,2043,bon,0,4,1
4044,2133,bon,0,4,1
4132,2272,bon,0,4,1
112,196,bon,4,0,1
303,190,bon,4,0,1
154,377,bon,4,0,1
1606,3062,bon,0,3,1
1421,3055,bon,0,3,1
1510,3080,bon,0,3,1
3394,405,bon,0,0,0
2768,663,bon,0,0,0
2506,1392,bon,0,0,0
1423,396,bon,0,0,0
1423,396,bon,0,0,0
1423,396,bon,0,0,0
2217,504,bon,0,0,0
2217,504,bon,0,0,0
2642,1093,bon,0,0,0
2642,1093,bon,0,0,0
2575,2618,bon,0,0,0
1817,3051,bon,0,0,0
1423,396,bon,0,0,0
2217,504,bon,0,0,0
2217,504,bon,0,0,0
2642,1093,bon,0,0,0
2642,1093,bon,0,0,0
2575,2618,bon,0,0,0
1817,3051,bon,0,0,0
1423,396,bon,0,0,0
2217,504,bon,0,0,0
2642,1093,bon,0,0,0
2642,1093,bon,0,0,0
2575,2618,bon,0,0,0
1641,373,bon,0,0,0
